4.1
256 8
200 400
7852
4.2
3.228
3.1656
3.1416
4.3 dane
1	0.8584
2	0.8584
3	0.8584
4	0.1415
5	0.0584
6	0.1917
7	0.2869
8	0.3584
9	0.4139
10	0.0584
11	0.1311
12	0.1917
13	0.2430
14	0.2869
15	0.0584
16	0.1415
17	0.0827
18	0.0304
19	0.0163
20	0.0584
21	0.0939
22	0.2325
23	0.1850
24	0.3082
25	0.2615
26	0.2185
27	0.1786
28	0.1415
29	0.2450
30	0.2082
31	0.1738
32	0.2665
33	0.2325
34	0.2004
35	0.1701
36	0.1415
37	0.1145
38	0.0889
39	0.0646
40	0.0415
41	0.0196
42	0.0939
43	0.1648
44	0.1415
45	0.2082
46	0.1850
47	0.1628
48	0.2249
49	0.2028
50	0.1815
51	0.1612
52	0.1415
53	0.1227
54	0.1786
55	0.1597
56	0.1415
57	0.1240
58	0.1071
59	0.0907
60	0.0749
61	0.0596
62	0.0448
63	0.0304
64	0.0165
65	0.0031
66	0.0099
67	0.0225
68	0.0239
69	0.0111
70	0.0012
71	0.0430
72	0.0304
73	0.0730
74	0.0605
75	0.0482
76	0.0363
77	0.0247
78	0.0133
79	0.0023
80	0.0084
81	0.0304
82	0.0196
83	0.0090
84	0.0012
85	0.0113
86	0.0211
87	0.0308
88	0.0402
89	0.0494
90	0.0139
91	0.0232
92	0.0323
93	0.0412
94	0.0498
95	0.0584
96	0.0667
97	0.0336
98	0.0420
99	0.0503
100	0.0584
101	0.0663
102	0.0740
103	0.0817
104	0.0891
105	0.0965
106	0.1036
107	0.1107
108	0.0806
109	0.0877
110	0.0584
111	0.0656
112	0.0726
113	0.0442
114	0.0163
115	0.0236
116	0.0308
117	0.0378
118	0.0448
119	0.0180
120	0.0250
121	0.0319
122	0.0059
123	0.0128
124	0.0125
125	0.0375
126	0.0304
127	0.0234
128	0.0478
129	0.0408
130	0.0339
131	0.0270
132	0.0203
133	0.0137
134	0.0072
135	0.0304
136	0.0239
137	0.0175
138	0.0111
139	0.0049
140	0.0012
141	0.0073
142	0.0133
143	0.0087
144	0.0027
145	0.0032
146	0.0090
147	0.0123
148	0.0064
149	0.0006
150	0.0050
151	0.0107
152	0.0163
153	0.0043
154	0.0012
155	0.0190
156	0.0133
157	0.0078
158	0.0023
159	0.0030
160	0.0084
161	0.0136
162	0.0189
163	0.0240
164	0.0291
165	0.0099
166	0.0150
167	0.0200
168	0.0250
169	0.0300
170	0.0348
171	0.0396
172	0.0444
173	0.0491
174	0.0538
175	0.0584
176	0.0402
177	0.0448
178	0.0494
179	0.0539
180	0.0584
181	0.0407
182	0.0452
183	0.0496
184	0.0540
185	0.0367
186	0.0412
187	0.0455
188	0.0498
189	0.0541
190	0.0584
191	0.0625
192	0.0667
193	0.0708
194	0.0749
195	0.0789
196	0.0828
197	0.0868
198	0.0907
199	0.0945
200	0.0984
201	0.0822
202	0.0861
203	0.0899
204	0.0937
205	0.0974
206	0.1011
207	0.1047
208	0.0891
209	0.0928
210	0.0965
211	0.1001
212	0.1036
213	0.1072
214	0.0920
215	0.0956
216	0.0991
217	0.1026
218	0.1061
219	0.1095
220	0.1129
221	0.0982
222	0.0836
223	0.0871
224	0.0905
225	0.0939
226	0.0973
227	0.1006
228	0.0864
229	0.0723
230	0.0757
231	0.0791
232	0.0825
233	0.0687
234	0.0720
235	0.0754
236	0.0787
237	0.0820
238	0.0852
239	0.0717
240	0.0584
241	0.0617
242	0.0650
243	0.0682
244	0.0715
245	0.0747
246	0.0779
247	0.0810
248	0.0842
249	0.0873
250	0.0744
251	0.0775
252	0.0647
253	0.0678
254	0.0710
255	0.0584
256	0.0615
257	0.0646
258	0.0677
259	0.0707
260	0.0584
261	0.0614
262	0.0645
263	0.0675
264	0.0705
265	0.0735
266	0.0764
267	0.0793
268	0.0822
269	0.0851
270	0.0880
271	0.0908
272	0.0789
273	0.0818
274	0.0700
275	0.0729
276	0.0757
277	0.0786
278	0.0670
279	0.0698
280	0.0726
281	0.0754
282	0.0782
283	0.0810
284	0.0837
285	0.0724
286	0.0751
287	0.0779
288	0.0667
289	0.0556
290	0.0584
291	0.0474
292	0.0501
293	0.0529
294	0.0420
295	0.0448
296	0.0340
297	0.0368
298	0.0261
299	0.0155
300	0.0184
301	0.0079
302	0.0107
303	0.0135
304	0.0163
305	0.0190
306	0.0218
307	0.0115
308	0.0142
309	0.0169
310	0.0196
311	0.0223
312	0.0122
313	0.0149
314	0.0176
315	0.0203
316	0.0103
317	0.0129
318	0.0030
319	0.0067
320	0.0165
321	0.0263
322	0.0235
323	0.0208
324	0.0181
325	0.0277
326	0.0372
327	0.0467
328	0.0440
329	0.0412
330	0.0385
331	0.0479
332	0.0452
333	0.0424
334	0.0397
335	0.0371
336	0.0344
337	0.0318
338	0.0410
339	0.0383
340	0.0357
341	0.0330
342	0.0304
343	0.0278
344	0.0253
345	0.0227
346	0.0202
347	0.0176
348	0.0151
349	0.0126
350	0.0101
351	0.0076
352	0.0052
353	0.0027
354	0.0003
355	0.0091
356	0.0067
357	0.0043
358	0.0019
359	0.0106
360	0.0082
361	0.0058
362	0.0034
363	0.0010
364	0.0012
365	0.0036
366	0.0059
367	0.0082
368	0.0105
369	0.0128
370	0.0151
371	0.0066
372	0.0089
373	0.0112
374	0.0134
375	0.0157
376	0.0073
377	0.0096
378	0.0118
379	0.0140
380	0.0163
381	0.0185
382	0.0207
383	0.0228
384	0.0146
385	0.0168
386	0.0190
387	0.0211
388	0.0130
389	0.0152
390	0.0071
391	0.0093
392	0.0114
393	0.0136
394	0.0157
395	0.0179
396	0.0200
397	0.0120
398	0.0141
399	0.0062
400	0.0015
401	0.0005
402	0.0072
403	0.0051
404	0.0029
405	0.0008
406	0.0012
407	0.0033
408	0.0054
409	0.0075
410	0.0096
411	0.0116
412	0.0040
413	0.0061
414	0.0081
415	0.0102
416	0.0122
417	0.0142
418	0.0067
419	0.0087
420	0.0107
421	0.0128
422	0.0148
423	0.0167
424	0.0093
425	0.0113
426	0.0133
427	0.0153
428	0.0172
429	0.0192
430	0.0211
431	0.0231
432	0.0250
433	0.0269
434	0.0289
435	0.0308
436	0.0327
437	0.0346
438	0.0364
439	0.0292
440	0.0311
441	0.0239
442	0.0258
443	0.0277
444	0.0295
445	0.0314
446	0.0243
447	0.0261
448	0.0280
449	0.0298
450	0.0317
451	0.0335
452	0.0353
453	0.0372
454	0.0302
455	0.0232
456	0.0250
457	0.0268
458	0.0287
459	0.0218
460	0.0236
461	0.0254
462	0.0272
463	0.0290
464	0.0308
465	0.0326
466	0.0343
467	0.0361
468	0.0378
469	0.0396
470	0.0413
471	0.0431
472	0.0448
473	0.0465
474	0.0482
475	0.0415
476	0.0432
477	0.0366
478	0.0383
479	0.0400
480	0.0417
481	0.0351
482	0.0368
483	0.0385
484	0.0402
485	0.0419
486	0.0435
487	0.0452
488	0.0469
489	0.0404
490	0.0420
491	0.0437
492	0.0453
493	0.0470
494	0.0486
495	0.0503
496	0.0438
497	0.0374
498	0.0391
499	0.0407
500	0.0424
501	0.0440
502	0.0456
503	0.0472
504	0.0488
505	0.0504
506	0.0520
507	0.0536
508	0.0552
509	0.0489
510	0.0505
511	0.0521
512	0.0459
513	0.0474
514	0.0490
515	0.0506
516	0.0522
517	0.0537
518	0.0553
519	0.0491
520	0.0507
521	0.0522
522	0.0538
523	0.0553
524	0.0568
525	0.0584
526	0.0599
527	0.0614
528	0.0553
529	0.0568
530	0.0584
531	0.0599
532	0.0614
533	0.0554
534	0.0494
535	0.0509
536	0.0524
537	0.0539
538	0.0479
539	0.0495
540	0.0509
541	0.0450
542	0.0465
543	0.0480
544	0.0495
545	0.0510
546	0.0525
547	0.0467
548	0.0481
549	0.0496
550	0.0438
551	0.0453
552	0.0395
553	0.0410
554	0.0353
555	0.0367
556	0.0382
557	0.0325
558	0.0340
559	0.0355
560	0.0369
561	0.0384
562	0.0399
563	0.0342
564	0.0357
565	0.0371
566	0.0386
567	0.0400
568	0.0415
569	0.0359
570	0.0303
571	0.0247
572	0.0262
573	0.0276
574	0.0291
575	0.0236
576	0.0250
577	0.0265
578	0.0210
579	0.0224
580	0.0170
581	0.0184
582	0.0199
583	0.0213
584	0.0227
585	0.0242
586	0.0256
587	0.0270
588	0.0284
589	0.0298
590	0.0312
591	0.0326
592	0.0340
593	0.0354
594	0.0368
595	0.0382
596	0.0396
597	0.0409
598	0.0423
599	0.0437
600	0.0384
601	0.0397
602	0.0344
603	0.0358
604	0.0372
605	0.0385
606	0.0399
607	0.0412
608	0.0426
609	0.0439
610	0.0387
611	0.0400
612	0.0414
613	0.0427
614	0.0440
615	0.0453
616	0.0402
617	0.0415
618	0.0428
619	0.0441
620	0.0455
621	0.0468
622	0.0481
623	0.0494
624	0.0507
625	0.0520
626	0.0532
627	0.0482
628	0.0494
629	0.0444
630	0.0457
631	0.0469
632	0.0482
633	0.0495
634	0.0508
635	0.0458
636	0.0470
637	0.0483
638	0.0496
639	0.0508
640	0.0521
641	0.0534
642	0.0546
643	0.0559
644	0.0571
645	0.0584
646	0.0596
647	0.0608
648	0.0621
649	0.0571
650	0.0584
651	0.0596
652	0.0547
653	0.0559
654	0.0510
655	0.0523
656	0.0474
657	0.0486
658	0.0498
659	0.0511
660	0.0523
661	0.0535
662	0.0487
663	0.0499
664	0.0451
665	0.0403
666	0.0355
667	0.0308
668	0.0320
669	0.0273
670	0.0285
671	0.0238
672	0.0250
673	0.0263
674	0.0275
675	0.0287
676	0.0300
677	0.0312
678	0.0324
679	0.0336
680	0.0348
681	0.0360
682	0.0372
683	0.0384
684	0.0396
685	0.0350
686	0.0362
687	0.0374
688	0.0386
689	0.0398
690	0.0352
691	0.0364
692	0.0375
693	0.0387
694	0.0399
695	0.0411
696	0.0423
697	0.0434
698	0.0389
699	0.0400
700	0.0355
701	0.0367
702	0.0321
703	0.0333
704	0.0345
705	0.0357
706	0.0312
707	0.0323
708	0.0335
709	0.0347
710	0.0358
711	0.0370
712	0.0381
713	0.0393
714	0.0404
715	0.0416
716	0.0427
717	0.0439
718	0.0450
719	0.0461
720	0.0472
721	0.0484
722	0.0495
723	0.0506
724	0.0462
725	0.0473
726	0.0484
727	0.0441
728	0.0452
729	0.0463
730	0.0474
731	0.0485
732	0.0496
733	0.0507
734	0.0518
735	0.0529
736	0.0540
737	0.0551
738	0.0562
739	0.0573
740	0.0584
741	0.0594
742	0.0605
743	0.0616
744	0.0627
745	0.0637
746	0.0648
747	0.0659
748	0.0616
749	0.0626
750	0.0584
751	0.0541
752	0.0498
753	0.0509
754	0.0520
755	0.0531
756	0.0541
757	0.0552
758	0.0562
759	0.0573
760	0.0584
761	0.0594
762	0.0605
763	0.0615
764	0.0625
765	0.0636
766	0.0646
767	0.0657
768	0.0667
769	0.0677
770	0.0687
771	0.0698
772	0.0708
773	0.0718
774	0.0728
775	0.0738
776	0.0697
777	0.0707
778	0.0717
779	0.0727
780	0.0737
781	0.0747
782	0.0757
783	0.0767
784	0.0777
785	0.0787
786	0.0797
787	0.0756
788	0.0766
789	0.0726
790	0.0735
791	0.0745
792	0.0755
793	0.0765
794	0.0775
795	0.0785
796	0.0744
797	0.0754
798	0.0764
799	0.0724
800	0.0684
801	0.0693
802	0.0703
803	0.0663
804	0.0673
805	0.0683
806	0.0693
807	0.0703
808	0.0712
809	0.0722
810	0.0732
811	0.0692
812	0.0702
813	0.0711
814	0.0721
815	0.0731
816	0.0691
817	0.0701
818	0.0711
819	0.0720
820	0.0730
821	0.0691
822	0.0652
823	0.0661
824	0.0671
825	0.0681
826	0.0690
827	0.0651
828	0.0661
829	0.0670
830	0.0680
831	0.0689
832	0.0699
833	0.0708
834	0.0718
835	0.0727
836	0.0737
837	0.0746
838	0.0755
839	0.0717
840	0.0679
841	0.0688
842	0.0698
843	0.0707
844	0.0716
845	0.0726
846	0.0735
847	0.0744
848	0.0753
849	0.0763
850	0.0772
851	0.0781
852	0.0790
853	0.0799
854	0.0808
855	0.0817
856	0.0780
857	0.0789
858	0.0798
859	0.0807
860	0.0816
861	0.0779
862	0.0741
863	0.0750
864	0.0713
865	0.0722
866	0.0731
867	0.0694
868	0.0657
869	0.0620
870	0.0630
871	0.0639
872	0.0648
873	0.0657
874	0.0666
875	0.0675
876	0.0638
877	0.0647
878	0.0656
879	0.0665
880	0.0674
881	0.0683
882	0.0692
883	0.0701
884	0.0710
885	0.0719
886	0.0728
887	0.0737
888	0.0746
889	0.0755
890	0.0763
891	0.0772
892	0.0781
893	0.0790
894	0.0798
895	0.0807
896	0.0816
897	0.0824
898	0.0833
899	0.0842
900	0.0850
901	0.0859
902	0.0823
903	0.0832
904	0.0796
905	0.0805
906	0.0769
907	0.0778
908	0.0786
909	0.0795
910	0.0759
911	0.0768
912	0.0777
913	0.0785
914	0.0794
915	0.0802
916	0.0811
917	0.0819
918	0.0828
919	0.0836
920	0.0844
921	0.0853
922	0.0861
923	0.0826
924	0.0835
925	0.0843
926	0.0851
927	0.0860
928	0.0868
929	0.0876
930	0.0885
931	0.0850
932	0.0858
933	0.0824
934	0.0832
935	0.0840
936	0.0849
937	0.0814
938	0.0822
939	0.0788
940	0.0796
941	0.0805
942	0.0813
943	0.0821
944	0.0787
945	0.0753
946	0.0761
947	0.0769
948	0.0778
949	0.0744
950	0.0752
951	0.0760
952	0.0768
953	0.0777
954	0.0785
955	0.0793
956	0.0801
957	0.0809
958	0.0817
959	0.0825
960	0.0834
961	0.0842
962	0.0850
963	0.0858
964	0.0866
965	0.0874
966	0.0882
967	0.0890
968	0.0898
969	0.0906
970	0.0913
971	0.0921
972	0.0929
973	0.0937
974	0.0945
975	0.0953
976	0.0961
977	0.0927
978	0.0894
979	0.0902
980	0.0910
981	0.0918
982	0.0926
983	0.0934
984	0.0941
985	0.0908
986	0.0916
987	0.0924
988	0.0891
989	0.0899
990	0.0866
991	0.0874
992	0.0882
993	0.0849
994	0.0857
995	0.0865
996	0.0873
997	0.0840
998	0.0848
999	0.0856
1000	0.0864
1001	0.0871
1002	0.0879
1003	0.0887
1004	0.0854
1005	0.0862
1006	0.0870
1007	0.0878
1008	0.0845
1009	0.0853
1010	0.0861
1011	0.0868
1012	0.0837
1013	0.0844
1014	0.0812
1015	0.0820
1016	0.0828
1017	0.0835
1018	0.0843
1019	0.0851
1020	0.0858
1021	0.0866
1022	0.0873
1023	0.0881
1024	0.0888
1025	0.0857
1026	0.0864
1027	0.0872
1028	0.0879
1029	0.0887
1030	0.0894
1031	0.0902
1032	0.0909
1033	0.0917
1034	0.0924
1035	0.0931
1036	0.0939
1037	0.0946
1038	0.0954
1039	0.0961
1040	0.0968
1041	0.0976
1042	0.0944
1043	0.0952
1044	0.0921
1045	0.0928
1046	0.0935
1047	0.0904
1048	0.0912
1049	0.0919
1050	0.0926
1051	0.0934
1052	0.0941
1053	0.0910
1054	0.0918
1055	0.0925
1056	0.0932
1057	0.0901
1058	0.0909
1059	0.0878
1060	0.0885
1061	0.0893
1062	0.0900
1063	0.0907
1064	0.0914
1065	0.0922
1066	0.0929
1067	0.0936
1068	0.0943
1069	0.0913
1070	0.0920
1071	0.0927
1072	0.0934
1073	0.0904
1074	0.0874
1075	0.0881
1076	0.0888
1077	0.0858
1078	0.0866
1079	0.0836
1080	0.0806
1081	0.0813
1082	0.0783
1083	0.0790
1084	0.0798
1085	0.0805
1086	0.0812
1087	0.0782
1088	0.0789
1089	0.0797
1090	0.0804
1091	0.0811
1092	0.0818
1093	0.0825
1094	0.0796
1095	0.0803
1096	0.0810
1097	0.0817
1098	0.0824
1099	0.0831
1100	0.0838
1101	0.0845
1102	0.0852
1103	0.0859
1104	0.0830
1105	0.0801
1106	0.0808
1107	0.0815
1108	0.0822
1109	0.0829
1110	0.0800
1111	0.0807
1112	0.0814
1113	0.0821
1114	0.0828
1115	0.0835
1116	0.0842
1117	0.0849
1118	0.0855
1119	0.0862
1120	0.0869
1121	0.0876
1122	0.0883
1123	0.0890
1124	0.0897
1125	0.0904
1126	0.0910
1127	0.0917
1128	0.0924
1129	0.0931
1130	0.0938
1131	0.0909
1132	0.0916
1133	0.0922
1134	0.0894
1135	0.0901
1136	0.0872
1137	0.0879
1138	0.0851
1139	0.0857
1140	0.0864
1141	0.0871
1142	0.0878
1143	0.0850
1144	0.0856
1145	0.0863
1146	0.0870
1147	0.0877
1148	0.0883
1149	0.0855
1150	0.0862
1151	0.0834
1152	0.0806
1153	0.0778
1154	0.0785
1155	0.0791
1156	0.0798
1157	0.0805
1158	0.0812
1159	0.0784
1160	0.0790
1161	0.0763
1162	0.0769
1163	0.0776
1164	0.0783
1165	0.0790
1166	0.0762
1167	0.0769
1168	0.0775
1169	0.0782
1170	0.0789
1171	0.0761
1172	0.0768
1173	0.0775
1174	0.0781
1175	0.0788
1176	0.0794
1177	0.0801
1178	0.0774
1179	0.0746
1180	0.0753
1181	0.0760
1182	0.0766
1183	0.0773
1184	0.0746
1185	0.0719
1186	0.0691
1187	0.0664
1188	0.0637
1189	0.0610
1190	0.0584
1191	0.0590
1192	0.0597
1193	0.0570
1194	0.0577
1195	0.0550
1196	0.0557
1197	0.0564
1198	0.0570
1199	0.0577
1200	0.0584
1201	0.0590
1202	0.0597
1203	0.0604
1204	0.0610
1205	0.0617
1206	0.0590
1207	0.0597
1208	0.0603
1209	0.0610
1210	0.0617
1211	0.0623
1212	0.0630
1213	0.0636
1214	0.0643
1215	0.0649
1216	0.0656
1217	0.0662
1218	0.0669
1219	0.0643
1220	0.0649
1221	0.0656
1222	0.0662
1223	0.0636
1224	0.0642
1225	0.0616
1226	0.0590
1227	0.0597
1228	0.0571
1229	0.0577
1230	0.0584
1231	0.0558
1232	0.0564
1233	0.0571
1234	0.0577
1235	0.0584
1236	0.0558
1237	0.0564
1238	0.0571
1239	0.0577
1240	0.0584
1241	0.0590
1242	0.0596
1243	0.0603
1244	0.0609
1245	0.0584
1246	0.0558
1247	0.0532
1248	0.0539
1249	0.0545
1250	0.0552
1251	0.0526
1252	0.0532
1253	0.0539
1254	0.0545
1255	0.0552
1256	0.0558
1257	0.0564
1258	0.0571
1259	0.0577
1260	0.0584
1261	0.0590
1262	0.0596
1263	0.0603
1264	0.0609
1265	0.0615
1266	0.0590
1267	0.0596
1268	0.0603
1269	0.0609
1270	0.0615
1271	0.0621
1272	0.0628
1273	0.0634
1274	0.0640
1275	0.0646
1276	0.0653
1277	0.0659
1278	0.0665
1279	0.0671
1280	0.0677
1281	0.0683
1282	0.0690
1283	0.0696
1284	0.0671
1285	0.0646
1286	0.0652
1287	0.0658
1288	0.0664
1289	0.0670
1290	0.0646
1291	0.0652
1292	0.0658
1293	0.0664
1294	0.0639
1295	0.0645
1296	0.0651
1297	0.0658
1298	0.0633
1299	0.0639
1300	0.0614
1301	0.0590
1302	0.0596
1303	0.0571
1304	0.0577
1305	0.0553
1306	0.0559
1307	0.0565
1308	0.0571
1309	0.0547
1310	0.0553
1311	0.0559
1312	0.0535
1313	0.0541
1314	0.0547
1315	0.0523
1316	0.0529
1317	0.0535
1318	0.0511
1319	0.0487
1320	0.0462
1321	0.0438
1322	0.0444
1323	0.0420
1324	0.0426
1325	0.0433
1326	0.0439
1327	0.0415
1328	0.0421
1329	0.0427
1330	0.0403
1331	0.0409
1332	0.0385
1333	0.0362
1334	0.0338
1335	0.0344
1336	0.0350
1337	0.0356
1338	0.0332
1339	0.0309
1340	0.0315
1341	0.0321
1342	0.0327
1343	0.0304
1344	0.0310
1345	0.0316
1346	0.0322
1347	0.0328
1348	0.0334
1349	0.0340
1350	0.0317
1351	0.0293
1352	0.0300
1353	0.0306
1354	0.0312
1355	0.0318
1356	0.0324
1357	0.0330
1358	0.0336
1359	0.0342
1360	0.0348
1361	0.0354
1362	0.0360
1363	0.0366
1364	0.0372
1365	0.0378
1366	0.0384
1367	0.0390
1368	0.0367
1369	0.0373
1370	0.0379
1371	0.0385
1372	0.0391
1373	0.0397
1374	0.0403
1375	0.0409
1376	0.0415
1377	0.0392
1378	0.0398
1379	0.0404
1380	0.0410
1381	0.0416
1382	0.0421
1383	0.0427
1384	0.0433
1385	0.0439
1386	0.0445
1387	0.0451
1388	0.0428
1389	0.0434
1390	0.0440
1391	0.0417
1392	0.0423
1393	0.0400
1394	0.0406
1395	0.0383
1396	0.0389
1397	0.0395
1398	0.0400
1399	0.0378
1400	0.0384
1401	0.0389
1402	0.0367
1403	0.0373
1404	0.0378
1405	0.0384
1406	0.0390
1407	0.0368
1408	0.0373
1409	0.0379
1410	0.0385
1411	0.0391
1412	0.0397
1413	0.0402
1414	0.0408
1415	0.0386
1416	0.0391
1417	0.0369
1418	0.0375
1419	0.0381
1420	0.0386
1421	0.0364
1422	0.0370
1423	0.0376
1424	0.0381
1425	0.0387
1426	0.0393
1427	0.0371
1428	0.0376
1429	0.0354
1430	0.0360
1431	0.0366
1432	0.0343
1433	0.0349
1434	0.0327
1435	0.0333
1436	0.0338
1437	0.0344
1438	0.0322
1439	0.0328
1440	0.0334
1441	0.0339
1442	0.0345
1443	0.0351
1444	0.0356
1445	0.0362
1446	0.0368
1447	0.0373
1448	0.0379
1449	0.0385
1450	0.0363
1451	0.0341
1452	0.0347
1453	0.0325
1454	0.0330
1455	0.0336
1456	0.0342
1457	0.0320
1458	0.0326
1459	0.0331
1460	0.0337
1461	0.0343
1462	0.0348
1463	0.0327
1464	0.0305
1465	0.0311
1466	0.0316
1467	0.0322
1468	0.0327
1469	0.0333
1470	0.0339
1471	0.0344
1472	0.0350
1473	0.0355
1474	0.0361
1475	0.0367
1476	0.0372
1477	0.0378
1478	0.0383
1479	0.0389
1480	0.0367
1481	0.0373
1482	0.0351
1483	0.0357
1484	0.0363
1485	0.0368
1486	0.0347
1487	0.0352
1488	0.0358
1489	0.0363
1490	0.0369
1491	0.0374
1492	0.0353
1493	0.0332
1494	0.0337
1495	0.0343
1496	0.0348
1497	0.0354
1498	0.0359
1499	0.0365
1500	0.0344
1501	0.0322
1502	0.0328
1503	0.0333
1504	0.0339
1505	0.0344
1506	0.0350
1507	0.0355
1508	0.0361
1509	0.0366
1510	0.0372
1511	0.0377
1512	0.0383
1513	0.0388
1514	0.0393
1515	0.0372
1516	0.0351
1517	0.0357
1518	0.0362
1519	0.0368
1520	0.0347
1521	0.0352
1522	0.0358
1523	0.0337
1524	0.0316
1525	0.0321
1526	0.0300
1527	0.0306
1528	0.0285
1529	0.0291
1530	0.0296
1531	0.0301
1532	0.0307
1533	0.0286
1534	0.0292
1535	0.0271
1536	0.0276
1537	0.0282
1538	0.0287
1539	0.0266
1540	0.0272
1541	0.0277
1542	0.0283
1543	0.0288
1544	0.0293
1545	0.0299
1546	0.0304
1547	0.0309
1548	0.0289
1549	0.0294
1550	0.0300
1551	0.0305
1552	0.0310
1553	0.0316
1554	0.0295
1555	0.0275
1556	0.0280
1557	0.0286
1558	0.0265
1559	0.0271
1560	0.0276
1561	0.0281
1562	0.0287
1563	0.0292
1564	0.0297
1565	0.0302
1566	0.0282
1567	0.0287
1568	0.0293
1569	0.0273
1570	0.0278
1571	0.0283
1572	0.0288
1573	0.0294
1574	0.0299
1575	0.0304
1576	0.0309
1577	0.0315
1578	0.0320
1579	0.0300
1580	0.0280
1581	0.0285
1582	0.0290
1583	0.0296
1584	0.0301
1585	0.0306
1586	0.0311
1587	0.0291
1588	0.0296
1589	0.0302
1590	0.0307
1591	0.0312
1592	0.0292
1593	0.0297
1594	0.0303
1595	0.0308
1596	0.0313
1597	0.0318
1598	0.0323
1599	0.0328
1600	0.0309
1601	0.0314
1602	0.0319
1603	0.0299
1604	0.0279
1605	0.0285
1606	0.0290
1607	0.0270
1608	0.0250
1609	0.0255
1610	0.0261
1611	0.0241
1612	0.0221
1613	0.0226
1614	0.0232
1615	0.0237
1616	0.0217
1617	0.0222
1618	0.0203
1619	0.0183
1620	0.0164
1621	0.0169
1622	0.0174
1623	0.0179
1624	0.0185
1625	0.0190
1626	0.0195
1627	0.0175
1628	0.0181
1629	0.0161
1630	0.0166
1631	0.0147
1632	0.0152
1633	0.0133
1634	0.0138
1635	0.0143
1636	0.0148
1637	0.0154
1638	0.0159
1639	0.0139
1640	0.0120
1641	0.0125
1642	0.0106
1643	0.0111
1644	0.0116
1645	0.0122
1646	0.0127
1647	0.0132
1648	0.0137
1649	0.0142
1650	0.0147
1651	0.0152
1652	0.0157
1653	0.0163
1654	0.0168
1655	0.0173
1656	0.0154
1657	0.0159
1658	0.0164
1659	0.0169
1660	0.0174
1661	0.0179
1662	0.0184
1663	0.0189
1664	0.0194
1665	0.0199
1666	0.0204
1667	0.0209
1668	0.0214
1669	0.0219
1670	0.0224
1671	0.0205
1672	0.0210
1673	0.0215
1674	0.0196
1675	0.0201
1676	0.0206
1677	0.0211
1678	0.0193
1679	0.0198
1680	0.0203
1681	0.0184
1682	0.0165
1683	0.0170
1684	0.0175
1685	0.0156
1686	0.0161
1687	0.0166
1688	0.0171
1689	0.0176
1690	0.0181
1691	0.0186
1692	0.0167
1693	0.0172
1694	0.0177
1695	0.0182
1696	0.0164
1697	0.0169
1698	0.0174
1699	0.0179
1700	0.0184
